1 -1.717411281 1.32625874446667 0.312797361 0 -0.669829383692308 0.982626744692308 0.2
1 0.237316204 1.32625874446667 -1.904683606 0 -0.669829383692308 -1.23485422230769 0.2
1 -2.09795782 1.32625874446667 -0.124334413 0 -0.669829383692308 0.545494970692308 0.2
1 2.932551998 1.32625874446667 -1.298397352 0 -0.669829383692308 -0.628567968307692 0.2
1 0.144980934 1.32625874446667 0.064628684 1 -0.669829383692308 0.734458067692308 0.2
1 -1.995480817 1.32625874446667 0.387057295 0 -0.669829383692308 1.05688667869231 0.2
1 -2.874921073 1.32625874446667 -1.868520987 0 -0.669829383692308 -1.19869160330769 0.2
1 0.381143353 1.32625874446667 -0.881834149 0 -0.669829383692308 -0.212004765307692 0.2
1 2.332833096 1.32625874446667 0.187044182 0 -0.669829383692308 0.856873565692308 0.2
1 -1.500119069 1.32625874446667 -1.24438206 0 -0.669829383692308 -0.574552676307692 0.2
1 -99 1.32625874446667 -99 0 -0.669829383692308 -99 0.2
1 -0.679996017 1.32625874446667 -1.210955298 0 -0.669829383692308 -0.541125914307692 0.2
1 -1.878448873 1.32625874446667 -1.542522282 1 -0.669829383692308 -0.872692898307692 0.2
1 -1.526042455 1.32625874446667 0.416320637 1 -0.669829383692308 1.08615002069231 0.2
1 -99 1.32625874446667 -99 0 -0.669829383692308 -99 0.2
2 4.440109751 0.587353604533333 -1.219614585 1 0.0687999528571428 -1.28841453785714 0.25
2 0.053345812 0.587353604533333 0.619952477 0 0.0687999528571428 0.551152524142857 0.25
2 0.225138978 0.587353604533333 -0.090121877 0 0.0687999528571428 -0.158921829857143 0.25
2 0.654346374 0.587353604533333 0.718238387 1 0.0687999528571428 0.649438434142857 0.25
2 3.100333546 0.587353604533333 -0.263769062 0 0.0687999528571428 -0.332569014857143 0.25
2 3.759248972 0.587353604533333 0.110687315 0 0.0687999528571428 0.0418873621428572 0.25
2 2.827465046 0.587353604533333 -99 -99 0.0687999528571428 -99 0.25
2 -99 0.587353604533333 -2.948557656 -99 0.0687999528571428 -3.01735760885714 0.25
2 1.054667125 0.587353604533333 -0.884387179 -99 0.0687999528571428 -0.953187131857143 0.25
2 5.026378697 0.587353604533333 0.791433961 0 0.0687999528571428 0.722634008142857 0.25
2 1.28885535 0.587353604533333 1.280706218 0 0.0687999528571428 1.21190626514286 0.25
2 2.342717975 0.587353604533333 -0.02283805 0 0.0687999528571428 -0.0916380028571428 0.25
2 0.184199184 0.587353604533333 0.36386094 1 0.0687999528571428 0.295060987142857 0.25
2 -99 0.587353604533333 1.095942539 0 0.0687999528571428 1.02714258614286 0.25
2 -2.289647657 0.587353604533333 1.411665912 0 0.0687999528571428 1.34286595914286 0.25
3 -1.388968919 -2.83469342886667 1.978014546 0 0.14376355 1.834250996 0.214285714285714
3 -1.783154665 -2.83469342886667 -0.712123864 0 0.14376355 -0.855887414 0.214285714285714
3 -0.617795422 -2.83469342886667 -0.692353598 1 0.14376355 -0.836117148 0.214285714285714
3 -2.497503275 -2.83469342886667 -0.642162496 0 0.14376355 -0.785926046 0.214285714285714
3 -2.469496308 -2.83469342886667 -0.021419614 0 0.14376355 -0.165183164 0.214285714285714
3 -2.236599126 -2.83469342886667 -0.048787947 0 0.14376355 -0.192551497 0.214285714285714
3 2.916008306 -2.83469342886667 -0.934060975 1 0.14376355 -1.077824525 0.214285714285714
3 1.013355808 -2.83469342886667 0.656851008 0 0.14376355 0.513087458 0.214285714285714
3 -2.823570616 -2.83469342886667 -1.620349271 0 0.14376355 -1.764112821 0.214285714285714
3 -3.33054296 -2.83469342886667 0.209935248 0 0.14376355 0.066171698 0.214285714285714
3 0.949357758 -2.83469342886667 1.770728591 1 0.14376355 1.626965041 0.214285714285714
3 -1.607698217 -2.83469342886667 1.999726164 0 0.14376355 1.855962614 0.214285714285714
3 0.734344535 -2.83469342886667 -0.863875226 -99 0.14376355 -1.007638776 0.214285714285714
3 -0.783105777 -2.83469342886667 -0.004868266 0 0.14376355 -0.148631816 0.214285714285714
3 -5.444078411 -2.83469342886667 1.08119895 0 0.14376355 0.9374354 0.214285714285714
4 6.312795372 0.669201427333333 -3.132131431 0 -0.755441249 -2.376690182 0.466666666666667
4 1.340228973 0.669201427333333 -1.382476706 0 -0.755441249 -0.627035457 0.466666666666667
4 -1.392136963 0.669201427333333 -0.386528602 1 -0.755441249 0.368912647 0.466666666666667
4 2.989702994 0.669201427333333 -99 0 -0.755441249 -99 0.466666666666667
4 0.176800943 0.669201427333333 -1.16841284 0 -0.755441249 -0.412971591 0.466666666666667
4 -0.328967657 0.669201427333333 0.931218933 0 -0.755441249 1.686660182 0.466666666666667
4 2.03704865 0.669201427333333 0.852918397 1 -0.755441249 1.608359646 0.466666666666667
4 2.111899442 0.669201427333333 -99 1 -0.755441249 -99 0.466666666666667
4 1.116606064 0.669201427333333 -1.377005005 1 -0.755441249 -0.621563756 0.466666666666667
4 -2.135937276 0.669201427333333 -0.279190171 0 -0.755441249 0.476251078 0.466666666666667
4 -99 0.669201427333333 -0.562440713 0 -0.755441249 0.193000536 0.466666666666667
4 3.210407652 0.669201427333333 -99 1 -0.755441249 -99 0.466666666666667
4 -99 0.669201427333333 -1.240014113 0 -0.755441249 -0.484572864 0.466666666666667
4 0.575400463 0.669201427333333 -0.52311175 1 -0.755441249 0.232329499 0.466666666666667
4 2.399199719 0.669201427333333 -0.798120987 1 -0.755441249 -0.042679738 0.466666666666667
5 -3.644920867 0.902319752466667 -0.44267133 1 0.337461715428571 -0.780133045428571 0.4
5 -99 0.902319752466667 -99 0 0.337461715428571 -99 0.4
5 -0.487449052 0.902319752466667 1.010977577 0 0.337461715428571 0.673515861571429 0.4
5 -0.757881846 0.902319752466667 1.519401697 0 0.337461715428571 1.18193998157143 0.4
5 -4.332929019 0.902319752466667 0.908051564 1 0.337461715428571 0.570589848571429 0.4
5 -99 0.902319752466667 -0.132787246 0 0.337461715428571 -0.470248961428571 0.4
5 0.13266653 0.902319752466667 2.130682076 1 0.337461715428571 1.79322036057143 0.4
5 -1.547094996 0.902319752466667 -0.854308772 0 0.337461715428571 -1.19177048742857 0.4
5 -1.492949468 0.902319752466667 -0.425033972 0 0.337461715428571 -0.762495687428571 0.4
5 -0.65066458 0.902319752466667 1.897687765 0 0.337461715428571 1.56022604957143 0.4
5 1.947842371 0.902319752466667 -0.799751121 1 0.337461715428571 -1.13721283642857 0.4
5 3.062932036 0.902319752466667 -1.290253403 0 0.337461715428571 -1.62771511842857 0.4
5 -1.721433999 0.902319752466667 0.830255893 1 0.337461715428571 0.492794177571429 0.4
5 -99 0.902319752466667 0.153350564 1 0.337461715428571 -0.184111151428571 0.4
5 -0.095411775 0.902319752466667 0.218862724 0 0.337461715428571 -0.118598991428571 0.4
6 0.686266112 -99 -0.381905907 1 -0.7682867525 0.3863808455 0.538461538461538
6 -99 -99 -99 0 -0.7682867525 -99 0.538461538461538
6 -1.862982005 -99 -0.053510009 1 -0.7682867525 0.7147767435 0.538461538461538
6 -99 -99 -0.281960766 0 -0.7682867525 0.4863259865 0.538461538461538
6 -0.343898137 -99 -0.961432261 0 -0.7682867525 -0.1931455085 0.538461538461538
6 3.737414831 -99 -0.794704072 -99 -0.7682867525 -0.0264173195 0.538461538461538
6 1.792556725 -99 -99 1 -0.7682867525 -99 0.538461538461538
6 1.6457058 -99 -1.071771804 0 -0.7682867525 -0.3034850515 0.538461538461538
6 -99 -99 0.508440644 1 -0.7682867525 1.2767273965 0.538461538461538
6 0.509761904 -99 -1.112736434 1 -0.7682867525 -0.3444496815 0.538461538461538
6 -3.754376192 -99 -1.971880005 0 -0.7682867525 -1.2035932525 0.538461538461538
6 1.052204252 -99 -99 0 -0.7682867525 -99 0.538461538461538
6 -99 -99 -1.561406911 -99 -0.7682867525 -0.7931201585 0.538461538461538
6 1.910398782 -99 -99 1 -0.7682867525 -99 0.538461538461538
6 5.746668241 -99 -99 1 -0.7682867525 -99 0.538461538461538
7 3.584196136 -0.247697460133334 0.190601782 0 0.341885503 -0.151283721 0.583333333333333
7 -4.221725164 -0.247697460133334 1.941158624 1 0.341885503 1.599273121 0.583333333333333
7 -0.412141272 -0.247697460133334 0.161003162 1 0.341885503 -0.180882341 0.583333333333333
7 0.125319949 -0.247697460133334 -99 1 0.341885503 -99 0.583333333333333
7 -99 -0.247697460133334 -0.689282587 1 0.341885503 -1.03116809 0.583333333333333
7 0.133126511 -0.247697460133334 -0.270315306 1 0.341885503 -0.612200809 0.583333333333333
7 -1.075855457 -0.247697460133334 0.405705859 0 0.341885503 0.063820356 0.583333333333333
7 1.765437476 -0.247697460133334 -0.536115019 0 0.341885503 -0.878000522 0.583333333333333
7 -1.639963666 -0.247697460133334 0.996081232 1 0.341885503 0.654195729 0.583333333333333
7 2.155615216 -0.247697460133334 -2.532459098 -99 0.341885503 -2.874344601 0.583333333333333
7 -99 -0.247697460133334 0.836513085 0 0.341885503 0.494627582 0.583333333333333
7 -99 -0.247697460133334 2.420343041 -99 0.341885503 2.078457538 0.583333333333333
7 -0.849886725 -0.247697460133334 0.481459899 0 0.341885503 0.139574396 0.583333333333333
7 -99 -0.247697460133334 1.039816865 -99 0.341885503 0.697931362 0.583333333333333
7 -0.027293946 -0.247697460133334 -99 1 0.341885503 -99 0.583333333333333
8 3.291155116 1.5355151732 -0.607637316 0 -0.242505346307692 -0.365131969692308 0.307692307692308
8 -0.481844467 1.5355151732 0.256955593 0 -0.242505346307692 0.499460939307692 0.307692307692308
8 1.384784171 1.5355151732 -99 0 -0.242505346307692 -99 0.307692307692308
8 2.566996117 1.5355151732 -0.786962319 1 -0.242505346307692 -0.544456972692308 0.307692307692308
8 -2.595761575 1.5355151732 -0.746575553 0 -0.242505346307692 -0.504070206692308 0.307692307692308
8 -4.15992487 1.5355151732 0.766097937 1 -0.242505346307692 1.00860328330769 0.307692307692308
8 0.751454861 1.5355151732 -1.217032011 0 -0.242505346307692 -0.974526664692308 0.307692307692308
8 -0.385350662 1.5355151732 -2.938387041 1 -0.242505346307692 -2.69588169469231 0.307692307692308
8 1.716127398 1.5355151732 1.901498763 1 -0.242505346307692 2.14400410930769 0.307692307692308
8 -0.332342244 1.5355151732 1.189289311 -99 -0.242505346307692 1.43179465730769 0.307692307692308
8 2.22365311 1.5355151732 -0.714908959 0 -0.242505346307692 -0.472403612692308 0.307692307692308
8 -1.339994858 1.5355151732 0.09580098 -99 -0.242505346307692 0.338306326307692 0.307692307692308
8 0.237282018 1.5355151732 -99 0 -0.242505346307692 -99 0.307692307692308
8 -1.329844421 1.5355151732 0.140360009 0 -0.242505346307692 0.382865355307692 0.307692307692308
8 -99 1.5355151732 -0.491068896 0 -0.242505346307692 -0.248563549692308 0.307692307692308
9 0.847713986 1.66589504933333 -1.082604786 0 0.194604748785714 -1.27720953478571 0.384615384615385
9 -1.257281745 1.66589504933333 0.058450017 0 0.194604748785714 -0.136154731785714 0.384615384615385
9 -0.617071627 1.66589504933333 1.504131185 0 0.194604748785714 1.30952643621429 0.384615384615385
9 -2.607609309 1.66589504933333 1.637694031 1 0.194604748785714 1.44308928221429 0.384615384615385
9 0.870588655 1.66589504933333 -99 0 0.194604748785714 -99 0.384615384615385
9 3.210035013 1.66589504933333 0.211458011 1 0.194604748785714 0.0168532622142857 0.384615384615385
9 -0.56213074 1.66589504933333 0.527384806 -99 0.194604748785714 0.332780057214286 0.384615384615385
9 0.086855516 1.66589504933333 0.693689137 0 0.194604748785714 0.499084388214286 0.384615384615385
9 -1.324105012 1.66589504933333 -0.486742961 0 0.194604748785714 -0.681347709785714 0.384615384615385
9 -1.364737396 1.66589504933333 0.150252758 1 0.194604748785714 -0.0443519907857143 0.384615384615385
9 0.601967719 1.66589504933333 -0.08981675 1 0.194604748785714 -0.284421498785714 0.384615384615385
9 2.570251919 1.66589504933333 -0.466126011 -99 0.194604748785714 -0.660730759785714 0.384615384615385
9 -0.282551685 1.66589504933333 -1.819845822 0 0.194604748785714 -2.01445057078571 0.384615384615385
9 0.338019185 1.66589504933333 1.085256245 1 0.194604748785714 0.890651496214286 0.384615384615385
9 -3.924288119 1.66589504933333 0.801286623 0 0.194604748785714 0.606681874214286 0.384615384615385
10 -1.166488621 -0.314960636133333 0.141577748 0 0.169047698583333 -0.0274699505833333 0.0769230769230769
10 4.654876662 -0.314960636133333 -0.141787185 -99 0.169047698583333 -0.310834883583333 0.0769230769230769
10 -0.977732674 -0.314960636133333 -0.30235314 0 0.169047698583333 -0.471400838583333 0.0769230769230769
10 -99 -0.314960636133333 0.621347747 0 0.169047698583333 0.452300048416667 0.0769230769230769
10 -5.174035193 -0.314960636133333 2.606165083 0 0.169047698583333 2.43711738441667 0.0769230769230769
10 -1.693680956 -0.314960636133333 -0.652158051 1 0.169047698583333 -0.821205749583333 0.0769230769230769
10 0.959236559 -0.314960636133333 -99 0 0.169047698583333 -99 0.0769230769230769
10 -1.657671878 -0.314960636133333 -1.362789514 0 0.169047698583333 -1.53183721258333 0.0769230769230769
10 0.952529772 -0.314960636133333 -1.757446989 0 0.169047698583333 -1.92649468758333 0.0769230769230769
10 2.037167812 -0.314960636133333 -0.018553364 0 0.169047698583333 -0.187601062583333 0.0769230769230769
10 -1.550136333 -0.314960636133333 0.094719706 0 0.169047698583333 -0.0743279925833333 0.0769230769230769
10 2.650794021 -0.314960636133333 -99 -99 0.169047698583333 -99 0.0769230769230769
10 -2.22830195 -0.314960636133333 1.880865546 0 0.169047698583333 1.71181784741667 0.0769230769230769
10 -6.90692284 -0.314960636133333 0.918984796 0 0.169047698583333 0.749937097416667 0.0769230769230769
10 4.373210472 -0.314960636133333 -99 0 0.169047698583333 -99 0.0769230769230769
11 -1.353852903 1.51230731333333 -0.519782813 0 -0.189885491636364 -0.329897321363636 0.384615384615385
11 2.226765391 1.51230731333333 -99 0 -0.189885491636364 -99 0.384615384615385
11 1.758017054 1.51230731333333 -0.290990967 0 -0.189885491636364 -0.101105475363636 0.384615384615385
11 0.82097451 1.51230731333333 1.789445352 1 -0.189885491636364 1.97933084363636 0.384615384615385
11 2.557040089 1.51230731333333 -99 1 -0.189885491636364 -99 0.384615384615385
11 0.58296796 1.51230731333333 0.195351691 1 -0.189885491636364 0.385237182636364 0.384615384615385
11 -0.584455741 1.51230731333333 0.734678466 1 -0.189885491636364 0.924563957636364 0.384615384615385
11 2.495827192 1.51230731333333 -99 -99 -0.189885491636364 -99 0.384615384615385
11 -99 1.51230731333333 -99 0 -0.189885491636364 -99 0.384615384615385
11 -1.450878598 1.51230731333333 -0.0931772 1 -0.189885491636364 0.0967082916363636 0.384615384615385
11 -1.143878375 1.51230731333333 -1.777308432 0 -0.189885491636364 -1.58742294036364 0.384615384615385
11 3.488556737 1.51230731333333 -0.511364213 0 -0.189885491636364 -0.321478721363636 0.384615384615385
11 0.850849476 1.51230731333333 -0.190749047 0 -0.189885491636364 -0.000863555363636359 0.384615384615385
11 0.127321266 1.51230731333333 -0.444570432 -99 -0.189885491636364 -0.254684940363636 0.384615384615385
11 2.112690997 1.51230731333333 -0.980272813 0 -0.189885491636364 -0.790387321363636 0.384615384615385
12 -2.950159153 -0.247771472533333 0.246659848 0 -0.551498266428571 0.798158114428571 0.416666666666667
12 0.702925118 -0.247771472533333 -99 1 -0.551498266428571 -99 0.416666666666667
12 0.84352867 -0.247771472533333 -0.626626544 0 -0.551498266428571 -0.0751282775714285 0.416666666666667
12 -0.223251487 -0.247771472533333 -0.672263556 0 -0.551498266428571 -0.120765289571429 0.416666666666667
12 2.630059117 -0.247771472533333 -1.042556157 1 -0.551498266428571 -0.491057890571428 0.416666666666667
12 2.340133953 -0.247771472533333 -1.589590587 1 -0.551498266428571 -1.03809232057143 0.416666666666667
12 3.442113668 -0.247771472533333 -1.047500671 -99 -0.551498266428571 -0.496002404571429 0.416666666666667
12 2.400267042 -0.247771472533333 -0.547147906 1 -0.551498266428571 0.00435036042857151 0.416666666666667
12 -0.995452193 -0.247771472533333 1.32720755 0 -0.551498266428571 1.87870581642857 0.416666666666667
12 0.245633934 -0.247771472533333 0.592692824 0 -0.551498266428571 1.14419109042857 0.416666666666667
12 4.439114712 -0.247771472533333 -0.864950669 -99 -0.551498266428571 -0.313452402571428 0.416666666666667
12 5.963946901 -0.247771472533333 -0.540481179 -99 -0.551498266428571 0.0110170874285714 0.416666666666667
12 0.612984087 -0.247771472533333 -1.467077789 1 -0.551498266428571 -0.915579522571428 0.416666666666667
12 -0.963817527 -0.247771472533333 -1.646574757 0 -0.551498266428571 -1.09507649057143 0.416666666666667
12 3.823829625 -0.247771472533333 0.157233863 0 -0.551498266428571 0.708732129428571 0.416666666666667
13 2.994930707 0.6730873428 -0.774313983 1 0.262514916866667 -1.03682889986667 0.416666666666667
13 1.909421139 0.6730873428 -1.812732186 1 0.262514916866667 -2.07524710286667 0.416666666666667
13 0.255644076 0.6730873428 -0.31474994 1 0.262514916866667 -0.577264856866667 0.416666666666667
13 1.243658063 0.6730873428 0.796638572 0 0.262514916866667 0.534123655133333 0.416666666666667
13 2.625737382 0.6730873428 -2.340999663 1 0.262514916866667 -2.60351457986667 0.416666666666667
13 -1.718039602 0.6730873428 0.924787953 -99 0.262514916866667 0.662273036133333 0.416666666666667
13 -99 0.6730873428 1.034379462 0 0.262514916866667 0.771864545133333 0.416666666666667
13 -7.329337785 0.6730873428 2.012098502 0 0.262514916866667 1.74958358513333 0.416666666666667
13 -0.789629754 0.6730873428 0.880645957 0 0.262514916866667 0.618131040133333 0.416666666666667
13 2.355499412 0.6730873428 1.068679252 -99 0.262514916866667 0.806164335133333 0.416666666666667
13 -1.020616876 0.6730873428 0.120490254 0 0.262514916866667 -0.142024662866667 0.416666666666667
13 -4.062895486 0.6730873428 0.404135399 0 0.262514916866667 0.141620482133333 0.416666666666667
13 -4.169160113 0.6730873428 0.886118979 0 0.262514916866667 0.623604062133333 0.416666666666667
13 -0.686019566 0.6730873428 0.105936011 1 0.262514916866667 -0.156578905866667 0.416666666666667
13 1.89896043 0.6730873428 0.946609184 -99 0.262514916866667 0.684094267133333 0.416666666666667
14 -2.83179768 1.87913462433333 2.22499433 0 0.166413378083333 2.05858095191667 0.583333333333333
14 -0.863020395 1.87913462433333 1.360387238 1 0.166413378083333 1.19397385991667 0.583333333333333
14 1.086726027 1.87913462433333 -0.098782126 1 0.166413378083333 -0.265195504083333 0.583333333333333
14 0.730456834 1.87913462433333 0.183528657 0 0.166413378083333 0.0171152789166667 0.583333333333333
14 6.478042432 1.87913462433333 -99 -99 0.166413378083333 -99 0.583333333333333
14 -0.792106382 1.87913462433333 -1.211767423 1 0.166413378083333 -1.37818080108333 0.583333333333333
14 -99 1.87913462433333 -99 0 0.166413378083333 -99 0.583333333333333
14 -0.900210668 1.87913462433333 -0.777054732 1 0.166413378083333 -0.943468110083333 0.583333333333333
14 1.460049977 1.87913462433333 0.065480659 1 0.166413378083333 -0.100932719083333 0.583333333333333
14 -1.114929694 1.87913462433333 -0.178292857 1 0.166413378083333 -0.344706235083333 0.583333333333333
14 2.359550288 1.87913462433333 -99 -99 0.166413378083333 -99 0.583333333333333
14 -99 1.87913462433333 1.09502201 0 0.166413378083333 0.928608631916667 0.583333333333333
14 1.688738027 1.87913462433333 -0.358911279 1 0.166413378083333 -0.525324657083333 0.583333333333333
14 -0.005791049 1.87913462433333 0.23614019 0 0.166413378083333 0.0697268119166667 0.583333333333333
14 2.222635873 1.87913462433333 -0.54378413 -99 0.166413378083333 -0.710197508083333 0.583333333333333
15 -0.144867054 -1.63766206726667 0.205729632 1 -0.661467028538462 0.867196660538462 0.285714285714286
15 0.823717332 -1.63766206726667 -1.224045915 1 -0.661467028538462 -0.562578886461539 0.285714285714286
15 5.019774014 -1.63766206726667 -99 0 -0.661467028538462 -99 0.285714285714286
15 5.750813407 -1.63766206726667 0.18495932 0 -0.661467028538462 0.846426348538462 0.285714285714286
15 -0.546384122 -1.63766206726667 -2.404742845 1 -0.661467028538462 -1.74327581646154 0.285714285714286
15 0.733605863 -1.63766206726667 0.527707641 0 -0.661467028538462 1.18917466953846 0.285714285714286
15 0.298122073 -1.63766206726667 -0.958317646 0 -0.661467028538462 -0.296850617461539 0.285714285714286
15 -2.939452939 -1.63766206726667 -0.319638407 0 -0.661467028538462 0.341828621538461 0.285714285714286
15 1.443559676 -1.63766206726667 -2.431651747 0 -0.661467028538462 -1.77018471846154 0.285714285714286
15 -1.042773176 -1.63766206726667 -0.673631765 0 -0.661467028538462 -0.0121647364615385 0.285714285714286
15 3.968239616 -1.63766206726667 -99 0 -0.661467028538462 -99 0.285714285714286
15 0.397461228 -1.63766206726667 0.381784327 -99 -0.661467028538462 1.04325135553846 0.285714285714286
15 1.677615626 -1.63766206726667 -1.363197866 1 -0.661467028538462 -0.701730837461538 0.285714285714286
15 0.34426137 -1.63766206726667 0.20625447 0 -0.661467028538462 0.867721498538461 0.285714285714286
15 -1.718752827 -1.63766206726667 -0.73028057 0 -0.661467028538462 -0.0688135414615385 0.285714285714286
16 -0.784376987 -0.0538380734 1.375176015 0 0.394710133384615 0.980465881615385 0.466666666666667
16 3.430598226 -0.0538380734 -99 0 0.394710133384615 -99 0.466666666666667
16 -4.881186042 -0.0538380734 2.300417536 0 0.394710133384615 1.90570740261538 0.466666666666667
16 -1.266109731 -0.0538380734 1.266686074 1 0.394710133384615 0.871975940615385 0.466666666666667
16 -3.523461227 -0.0538380734 -1.452044879 1 0.394710133384615 -1.84675501238462 0.466666666666667
16 -1.619317717 -0.0538380734 -1.422315943 0 0.394710133384615 -1.81702607638462 0.466666666666667
16 -3.681504199 -0.0538380734 -0.516562554 1 0.394710133384615 -0.911272687384615 0.466666666666667
16 -1.109666775 -0.0538380734 0.397363023 0 0.394710133384615 0.00265288961538457 0.466666666666667
16 -2.174512149 -0.0538380734 3.161163536 1 0.394710133384615 2.76645340261538 0.466666666666667
16 -3.054161228 -0.0538380734 -1.379638602 1 0.394710133384615 -1.77434873538462 0.466666666666667
16 1.345474238 -0.0538380734 -0.271238023 0 0.394710133384615 -0.665948156384615 0.466666666666667
16 -99 -0.0538380734 -0.748061385 1 0.394710133384615 -1.14277151838462 0.466666666666667
16 4.543412449 -0.0538380734 -99 0 0.394710133384615 -99 0.466666666666667
16 -1.598802967 -0.0538380734 1.03208458 0 0.394710133384615 0.637374446615385 0.466666666666667
16 -99 -0.0538380734 1.388202356 1 0.394710133384615 0.993492222615385 0.466666666666667
17 -1.830184652 0.217561582 3.130280006 0 0.629088404416667 2.50119160158333 0.230769230769231
17 -2.838147145 0.217561582 2.702772981 1 0.629088404416667 2.07368457658333 0.230769230769231
17 -1.916221403 0.217561582 -99 0 0.629088404416667 -99 0.230769230769231
17 -1.491453104 0.217561582 -99 0 0.629088404416667 -99 0.230769230769231
17 2.093164499 0.217561582 -99 0 0.629088404416667 -99 0.230769230769231
17 2.584598032 0.217561582 -0.775795716 -99 0.629088404416667 -1.40488412041667 0.230769230769231
17 -3.501232062 0.217561582 1.785334926 1 0.629088404416667 1.15624652158333 0.230769230769231
17 0.207728247 0.217561582 0.822203673 0 0.629088404416667 0.193115268583333 0.230769230769231
17 -99 0.217561582 0.651590115 -99 0.629088404416667 0.0225017105833333 0.230769230769231
17 0.14114709 0.217561582 -0.795730762 1 0.629088404416667 -1.42481916641667 0.230769230769231
17 -1.426097783 0.217561582 0.924033069 0 0.629088404416667 0.294944664583333 0.230769230769231
17 -3.06551994 0.217561582 -0.283045557 0 0.629088404416667 -0.912133961416667 0.230769230769231
17 -3.370888331 0.217561582 -0.332304918 0 0.629088404416667 -0.961393322416667 0.230769230769231
17 -99 0.217561582 -0.778123911 0 0.629088404416667 -1.40721231541667 0.230769230769231
17 0.24997002 0.217561582 0.497846947 0 0.629088404416667 -0.131241457416667 0.230769230769231
18 0.228625016 1.295096975 0.206980412 0 -0.266898820428571 0.473879232428571 0.25
18 0.877565572 1.295096975 -0.86338165 0 -0.266898820428571 -0.596482829571429 0.25
18 6.578080051 1.295096975 -1.595250787 -99 -0.266898820428571 -1.32835196657143 0.25
18 2.25336373 1.295096975 -2.316155988 0 -0.266898820428571 -2.04925716757143 0.25
18 -99 1.295096975 1.537575545 1 -0.266898820428571 1.80447436542857 0.25
18 0.601799804 1.295096975 0.224764376 0 -0.266898820428571 0.491663196428571 0.25
18 -0.519101771 1.295096975 1.426056555 0 -0.266898820428571 1.69295537542857 0.25
18 3.550562506 1.295096975 -99 -99 -0.266898820428571 -99 0.25
18 3.258977653 1.295096975 -0.305424649 -99 -0.266898820428571 -0.0385258285714286 0.25
18 4.060360547 1.295096975 -2.276480094 0 -0.266898820428571 -2.00958127357143 0.25
18 -0.145133951 1.295096975 1.062308839 1 -0.266898820428571 1.32920765942857 0.25
18 0.582624482 1.295096975 0.21327331 0 -0.266898820428571 0.480172130428571 0.25
18 -4.351485129 1.295096975 -0.853221758 1 -0.266898820428571 -0.586322937571429 0.25
18 -2.736026487 1.295096975 0.270484976 0 -0.266898820428571 0.537383796428571 0.25
18 -0.344490832 1.295096975 -0.468112573 0 -0.266898820428571 -0.201213752571429 0.25
19 -2.559006176 1.0102133454 0.247655137 0 0.0379212680769231 0.209733868923077 0.230769230769231
19 2.87029732 1.0102133454 -0.485273349 1 0.0379212680769231 -0.523194617076923 0.230769230769231
19 4.15612318 1.0102133454 1.471732941 0 0.0379212680769231 1.43381167292308 0.230769230769231
19 1.349377004 1.0102133454 0.093066266 0 0.0379212680769231 0.0551449979230769 0.230769230769231
19 -0.884874783 1.0102133454 -0.357556376 0 0.0379212680769231 -0.395477644076923 0.230769230769231
19 0.732958539 1.0102133454 -99 -99 0.0379212680769231 -99 0.230769230769231
19 2.984063143 1.0102133454 0.306646576 1 0.0379212680769231 0.268725307923077 0.230769230769231
19 -99 1.0102133454 -99 1 0.0379212680769231 -99 0.230769230769231
19 -1.600839184 1.0102133454 1.099476691 0 0.0379212680769231 1.06155542292308 0.230769230769231
19 -1.955316178 1.0102133454 0.952296114 0 0.0379212680769231 0.914374845923077 0.230769230769231
19 -1.654691877 1.0102133454 -0.135306483 0 0.0379212680769231 -0.173227751076923 0.230769230769231
19 1.255242498 1.0102133454 -0.563343058 -99 0.0379212680769231 -0.601264326076923 0.230769230769231
19 -99 1.0102133454 -2.057971639 0 0.0379212680769231 -2.09589290707692 0.230769230769231
19 2.92045468 1.0102133454 -0.98057351 0 0.0379212680769231 -1.01849477807692 0.230769230769231
19 -3.132296244 1.0102133454 0.902127175 0 0.0379212680769231 0.864205906923077 0.230769230769231
20 0.316127079 1.40521097806667 0.363893439 0 0.121592776533333 0.242300662466667 0.333333333333333
20 1.740065919 1.40521097806667 -0.470287383 0 0.121592776533333 -0.591880159533333 0.333333333333333
20 0.91179968 1.40521097806667 0.41734973 0 0.121592776533333 0.295756953466667 0.333333333333333
20 1.826941252 1.40521097806667 -0.294833164 1 0.121592776533333 -0.416425940533333 0.333333333333333
20 -0.406877577 1.40521097806667 0.693341027 1 0.121592776533333 0.571748250466667 0.333333333333333
20 -99 1.40521097806667 -0.33735704 1 0.121592776533333 -0.458949816533333 0.333333333333333
20 -0.787754807 1.40521097806667 0.791200471 0 0.121592776533333 0.669607694466667 0.333333333333333
20 -3.258905741 1.40521097806667 -1.185561177 0 0.121592776533333 -1.30715395353333 0.333333333333333
20 -2.164733098 1.40521097806667 0.676916885 0 0.121592776533333 0.555324108466667 0.333333333333333
20 -2.249636156 1.40521097806667 1.362507961 0 0.121592776533333 1.24091518446667 0.333333333333333
20 -4.811221722 1.40521097806667 -0.728721619 0 0.121592776533333 -0.850314395533333 0.333333333333333
20 -0.732761848 1.40521097806667 -0.204266744 0 0.121592776533333 -0.325859520533333 0.333333333333333
20 -0.252407621 1.40521097806667 0.790844852 1 0.121592776533333 0.669252075466667 0.333333333333333
20 -2.852260288 1.40521097806667 0.081022198 0 0.121592776533333 -0.0405705785333333 0.333333333333333
20 2.412396071 1.40521097806667 -0.132157788 1 0.121592776533333 -0.253750564533333 0.333333333333333
21 -1.53895204 -0.220479287133333 -1.161631565 0 0.0363841532857143 -1.19801571828571 0.357142857142857
21 -2.644241181 -0.220479287133333 0.370056604 1 0.0363841532857143 0.333672450714286 0.357142857142857
21 -1.443647699 -0.220479287133333 1.011289442 0 0.0363841532857143 0.974905288714286 0.357142857142857
21 -0.287403441 -0.220479287133333 -0.906073757 1 0.0363841532857143 -0.942457910285714 0.357142857142857
21 -1.133114248 -0.220479287133333 0.293222191 0 0.0363841532857143 0.256838037714286 0.357142857142857
21 2.838041849 -0.220479287133333 1.087151139 1 0.0363841532857143 1.05076698571429 0.357142857142857
21 3.542611662 -0.220479287133333 -99 0 0.0363841532857143 -99 0.357142857142857
21 -2.854142903 -0.220479287133333 -2.002227532 0 0.0363841532857143 -2.03861168528571 0.357142857142857
21 -2.804103499 -0.220479287133333 -0.649824345 1 0.0363841532857143 -0.686208498285714 0.357142857142857
21 1.382012848 -0.220479287133333 -1.235660832 -99 0.0363841532857143 -1.27204498528571 0.357142857142857
21 -1.242465276 -0.220479287133333 -0.245994411 0 0.0363841532857143 -0.282378564285714 0.357142857142857
21 1.581894832 -0.220479287133333 1.620520742 0 0.0363841532857143 1.58413658871429 0.357142857142857
21 -0.662821972 -0.220479287133333 1.28144338 0 0.0363841532857143 1.24505922671429 0.357142857142857
21 -2.079427889 -0.220479287133333 -0.190883714 1 0.0363841532857143 -0.227267867285714 0.357142857142857
21 -2.857866498 -0.220479287133333 1.237990804 0 0.0363841532857143 1.20160665071429 0.357142857142857
22 -5.155000392 0.0997574123999998 0.617459884 1 0.164756095133333 0.452703788866667 0.333333333333333
22 0.867163246 0.0997574123999998 1.114174307 0 0.164756095133333 0.949418211866667 0.333333333333333
22 -3.500446702 0.0997574123999998 -0.273705756 1 0.164756095133333 -0.438461851133333 0.333333333333333
22 -0.595000666 0.0997574123999998 -0.417625233 0 0.164756095133333 -0.582381328133333 0.333333333333333
22 -0.175083122 0.0997574123999998 1.051793575 0 0.164756095133333 0.887037479866667 0.333333333333333
22 2.003240743 0.0997574123999998 -0.408779004 0 0.164756095133333 -0.573535099133333 0.333333333333333
22 1.280115351 0.0997574123999998 2.546545125 1 0.164756095133333 2.38178902986667 0.333333333333333
22 -2.578556613 0.0997574123999998 0.311632362 0 0.164756095133333 0.146876266866667 0.333333333333333
22 -99 0.0997574123999998 0.32516406 0 0.164756095133333 0.160407964866667 0.333333333333333
22 -2.652507107 0.0997574123999998 0.408541277 1 0.164756095133333 0.243785181866667 0.333333333333333
22 -3.644072092 0.0997574123999998 -0.242474274 1 0.164756095133333 -0.407230369133333 0.333333333333333
22 0.334103556 0.0997574123999998 -0.509370395 0 0.164756095133333 -0.674126490133333 0.333333333333333
22 -2.198228004 0.0997574123999998 -1.142632324 0 0.164756095133333 -1.30738841913333 0.333333333333333
22 -0.805941703 0.0997574123999998 -1.029229054 0 0.164756095133333 -1.19398514913333 0.333333333333333
22 0.08895512 0.0997574123999998 0.119846877 0 0.164756095133333 -0.0449092181333333 0.333333333333333
23 -0.729902221 0.0678497751999999 -0.539166958 1 0.515498978923077 -1.05466593692308 0.307692307692308
23 0.45314903 0.0678497751999999 -0.04162481 0 0.515498978923077 -0.557123788923077 0.307692307692308
23 -3.946026563 0.0678497751999999 0.778052287 0 0.515498978923077 0.262553308076923 0.307692307692308
23 4.289681178 0.0678497751999999 -99 -99 0.515498978923077 -99 0.307692307692308
23 -1.147077841 0.0678497751999999 -2.115877898 0 0.515498978923077 -2.63137687692308 0.307692307692308
23 -99 0.0678497751999999 -0.679296021 0 0.515498978923077 -1.19479499992308 0.307692307692308
23 3.046773322 0.0678497751999999 -99 1 0.515498978923077 -99 0.307692307692308
23 1.010999582 0.0678497751999999 -0.186818347 0 0.515498978923077 -0.702317325923077 0.307692307692308
23 2.262361165 0.0678497751999999 -1.227404523 0 0.515498978923077 -1.74290350192308 0.307692307692308
23 -0.910570573 0.0678497751999999 1.239506644 -99 0.515498978923077 0.724007665076923 0.307692307692308
23 -4.008016912 0.0678497751999999 1.413643337 1 0.515498978923077 0.898144358076923 0.307692307692308
23 -99 0.0678497751999999 1.895379718 0 0.515498978923077 1.37988073907692 0.307692307692308
23 -3.769832124 0.0678497751999999 2.673860362 0 0.515498978923077 2.15836138307692 0.307692307692308
23 -4.271146885 0.0678497751999999 1.35378639 1 0.515498978923077 0.838287411076923 0.307692307692308
23 -4.112138429 0.0678497751999999 2.137446545 0 0.515498978923077 1.62194756607692 0.307692307692308
24 -2.089773717 -0.4644127468 0.677542686 0 -0.349657407 1.027200093 0.214285714285714
24 1.015341312 -0.4644127468 -2.683123951 0 -0.349657407 -2.333466544 0.214285714285714
24 6.035462482 -0.4644127468 -1.118939863 0 -0.349657407 -0.769282456 0.214285714285714
24 -99 -0.4644127468 -0.729470942 0 -0.349657407 -0.379813535 0.214285714285714
24 -1.856229354 -0.4644127468 0.256430805 1 -0.349657407 0.606088212 0.214285714285714
24 -2.251914037 -0.4644127468 0.990588938 1 -0.349657407 1.340246345 0.214285714285714
24 1.418478035 -0.4644127468 0.33455907 -99 -0.349657407 0.684216477 0.214285714285714
24 0.235147995 -0.4644127468 -2.703950903 0 -0.349657407 -2.354293496 0.214285714285714
24 -0.366236885 -0.4644127468 -0.651387471 0 -0.349657407 -0.301730064 0.214285714285714
24 -0.303384749 -0.4644127468 -1.073063337 0 -0.349657407 -0.72340593 0.214285714285714
24 2.712048519 -0.4644127468 -0.924856357 1 -0.349657407 -0.57519895 0.214285714285714
24 -2.370950257 -0.4644127468 1.550612873 0 -0.349657407 1.90027028 0.214285714285714
24 2.216539788 -0.4644127468 0.341127521 0 -0.349657407 0.690784928 0.214285714285714
24 -1.891987415 -0.4644127468 -0.157418202 0 -0.349657407 0.192239205 0.214285714285714
24 -2.136005781 -0.4644127468 0.646488028 0 -0.349657407 0.996145435 0.214285714285714
25 1.437415379 -0.379036673933333 0.063685242 1 -0.0175826813846154 0.0812679233846154 0.5
25 1.204665954 -0.379036673933333 1.281919743 1 -0.0175826813846154 1.29950242438462 0.5
25 2.467499733 -0.379036673933333 -99 1 -0.0175826813846154 -99 0.5
25 0.849354076 -0.379036673933333 1.634570923 -99 -0.0175826813846154 1.65215360438462 0.5
25 0.835015412 -0.379036673933333 -0.706533861 0 -0.0175826813846154 -0.688951179615385 0.5
25 0.946142821 -0.379036673933333 -1.245763957 1 -0.0175826813846154 -1.22818127561538 0.5
25 -99 -0.379036673933333 -0.313262907 0 -0.0175826813846154 -0.295680225615385 0.5
25 -2.925096474 -0.379036673933333 0.844880518 0 -0.0175826813846154 0.862463199384615 0.5
25 -0.841270077 -0.379036673933333 0.635954329 0 -0.0175826813846154 0.653537010384615 0.5
25 1.021129278 -0.379036673933333 -2.019462796 0 -0.0175826813846154 -2.00188011461538 0.5
25 -99 -0.379036673933333 1.002932718 1 -0.0175826813846154 1.02051539938462 0.5
25 1.703333458 -0.379036673933333 0.127257568 1 -0.0175826813846154 0.144840249384615 0.5
25 -0.343315472 -0.379036673933333 -1.621233713 0 -0.0175826813846154 -1.60365103161538 0.5
25 -99 -0.379036673933333 0.086481335 0 -0.0175826813846154 0.104064016384615 0.5
25 0.363950341 -0.379036673933333 -99 1 -0.0175826813846154 -99 0.5
26 0.011703127 1.12464956473333 -0.184403352 0 0.11648572275 -0.30088907475 0.615384615384615
26 -1.742607889 1.12464956473333 0.102114417 1 0.11648572275 -0.01437130575 0.615384615384615
26 2.840223135 1.12464956473333 -0.943250307 0 0.11648572275 -1.05973602975 0.615384615384615
26 -0.274124434 1.12464956473333 0.183010447 0 0.11648572275 0.06652472425 0.615384615384615
26 3.765215687 1.12464956473333 -99 -99 0.11648572275 -99 0.615384615384615
26 -2.395025702 1.12464956473333 1.018427555 0 0.11648572275 0.90194183225 0.615384615384615
26 0.333625648 1.12464956473333 -2.528472044 1 0.11648572275 -2.64495776675 0.615384615384615
26 -0.026372396 1.12464956473333 -99 1 0.11648572275 -99 0.615384615384615
26 -2.572256784 1.12464956473333 1.285758531 1 0.11648572275 1.16927280825 0.615384615384615
26 0.036728753 1.12464956473333 -99 1 0.11648572275 -99 0.615384615384615
26 -0.049841942 1.12464956473333 -0.737978794 1 0.11648572275 -0.85446451675 0.615384615384615
26 -2.275366437 1.12464956473333 0.710037048 1 0.11648572275 0.59355132525 0.615384615384615
26 -2.344141613 1.12464956473333 1.224061367 0 0.11648572275 1.10757564425 0.615384615384615
26 -2.083114696 1.12464956473333 0.635780239 -99 0.11648572275 0.51929451625 0.615384615384615
26 -2.565388938 1.12464956473333 0.632743566 1 0.11648572275 0.51625784325 0.615384615384615
27 2.372848808 1.22501158333333 -0.380305218 0 0.190922195071429 -0.571227413071429 0.454545454545455
27 -0.935320661 1.22501158333333 0.277666167 0 0.190922195071429 0.0867439719285714 0.454545454545455
27 0.324820426 1.22501158333333 0.064691011 0 0.190922195071429 -0.126231184071429 0.454545454545455
27 0.058390982 1.22501158333333 1.5394326 0 0.190922195071429 1.34851040492857 0.454545454545455
27 2.243731369 1.22501158333333 1.095712474 1 0.190922195071429 0.904790278928571 0.454545454545455
27 3.663086001 1.22501158333333 0.26014411 -99 0.190922195071429 0.0692219149285714 0.454545454545455
27 -0.662408008 1.22501158333333 0.421199285 1 0.190922195071429 0.230277089928571 0.454545454545455
27 0.554825564 1.22501158333333 -1.084178302 0 0.190922195071429 -1.27510049707143 0.454545454545455
27 -1.031227434 1.22501158333333 -0.925960461 1 0.190922195071429 -1.11688265607143 0.454545454545455
27 0.298027348 1.22501158333333 0.576383589 1 0.190922195071429 0.385461393928571 0.454545454545455
27 0.643436172 1.22501158333333 0.334777399 -99 0.190922195071429 0.143855203928571 0.454545454545455
27 2.253093234 1.22501158333333 0.65584536 -99 0.190922195071429 0.464923164928571 0.454545454545455
27 0.647051769 1.22501158333333 -0.233718711 -99 0.190922195071429 -0.424640906071429 0.454545454545455
27 -99 1.22501158333333 -99 0 0.190922195071429 -99 0.454545454545455
27 -1.494055548 1.22501158333333 0.071221428 1 0.190922195071429 -0.119700767071429 0.454545454545455
28 -2.92854688 0.700789489333333 1.592204782 0 -0.112590242875 1.704795024875 0.181818181818182
28 4.076039202 0.700789489333333 -0.039304671 0 -0.112590242875 0.073285571875 0.181818181818182
28 1.873485763 0.700789489333333 -0.902992546 0 -0.112590242875 -0.790402303125 0.181818181818182
28 0.326124637 0.700789489333333 -99 0 -0.112590242875 -99 0.181818181818182
28 -99 0.700789489333333 0.046766143 0 -0.112590242875 0.159356385875 0.181818181818182
28 3.84139305 0.700789489333333 -0.234133176 0 -0.112590242875 -0.121542933125 0.181818181818182
28 -0.455268649 0.700789489333333 0.689189905 1 -0.112590242875 0.801780147875 0.181818181818182
28 3.403213734 0.700789489333333 -99 -99 -0.112590242875 -99 0.181818181818182
28 0.759005138 0.700789489333333 -99 1 -0.112590242875 -99 0.181818181818182
28 10.19227322 0.700789489333333 -99 -99 -0.112590242875 -99 0.181818181818182
28 -0.232797854 0.700789489333333 -99 0 -0.112590242875 -99 0.181818181818182
28 2.519055 0.700789489333333 -99 0 -0.112590242875 -99 0.181818181818182
28 3.734208343 0.700789489333333 -1.198338835 -99 -0.112590242875 -1.085748592125 0.181818181818182
28 -99 0.700789489333333 -0.854113545 0 -0.112590242875 -0.741523302125 0.181818181818182
28 6.797328523 0.700789489333333 -99 -99 -0.112590242875 -99 0.181818181818182
29 0.451151943 -0.803257572 -2.335407503 0 0.0526705551428571 -2.38807805814286 0.307692307692308
29 0.368011933 -0.803257572 0.803777211 1 0.0526705551428571 0.751106655857143 0.307692307692308
29 3.631165755 -0.803257572 -99 0 0.0526705551428571 -99 0.307692307692308
29 1.490787929 -0.803257572 1.578170414 0 0.0526705551428571 1.52549985885714 0.307692307692308
29 -1.597995445 -0.803257572 -1.074539785 0 0.0526705551428571 -1.12721034014286 0.307692307692308
29 2.663518649 -0.803257572 -1.27816608 0 0.0526705551428571 -1.33083663514286 0.307692307692308
29 2.111445283 -0.803257572 2.505843151 0 0.0526705551428571 2.45317259585714 0.307692307692308
29 -1.067803285 -0.803257572 -1.211714415 1 0.0526705551428571 -1.26438497014286 0.307692307692308
29 -2.660898162 -0.803257572 1.078792622 1 0.0526705551428571 1.02612206685714 0.307692307692308
29 -0.039991571 -0.803257572 -1.309272183 0 0.0526705551428571 -1.36194273814286 0.307692307692308
29 1.478920818 -0.803257572 0.553663045 0 0.0526705551428571 0.500992489857143 0.307692307692308
29 0.694707503 -0.803257572 0.581290242 0 0.0526705551428571 0.528619686857143 0.307692307692308
29 -99 -0.803257572 1.004764786 -99 0.0526705551428571 0.952094230857143 0.307692307692308
29 -3.976020929 -0.803257572 0.863524348 1 0.0526705551428571 0.810853792857143 0.307692307692308
29 1.181753959 -0.803257572 -1.023338081 -99 0.0526705551428571 -1.07600863614286 0.307692307692308
30 -1.61838501 2.035576148 -1.060398854 0 0.153553117357143 -1.21395197135714 0.142857142857143
30 -1.747990697 2.035576148 0.617392021 0 0.153553117357143 0.463838903642857 0.142857142857143
30 2.571782024 2.035576148 -0.03470255 0 0.153553117357143 -0.188255667357143 0.142857142857143
30 2.34107979 2.035576148 0.323373963 0 0.153553117357143 0.169820845642857 0.142857142857143
30 -1.106286821 2.035576148 1.190218011 0 0.153553117357143 1.03666489364286 0.142857142857143
30 -3.93175703 2.035576148 -1.984706847 0 0.153553117357143 -2.13825996435714 0.142857142857143
30 -0.179963176 2.035576148 -2.008859986 -99 0.153553117357143 -2.16241310335714 0.142857142857143
30 0.523946474 2.035576148 1.203459139 0 0.153553117357143 1.04990602164286 0.142857142857143
30 -3.487354377 2.035576148 -0.628945216 0 0.153553117357143 -0.782498333357143 0.142857142857143
30 0.345286934 2.035576148 1.275275156 0 0.153553117357143 1.12172203864286 0.142857142857143
30 -4.161535261 2.035576148 -0.599038586 0 0.153553117357143 -0.752591703357143 0.142857142857143
30 1.078755896 2.035576148 0.78487216 0 0.153553117357143 0.631319042642857 0.142857142857143
30 -1.541908472 2.035576148 1.838397134 1 0.153553117357143 1.68484401664286 0.142857142857143
30 0.909208842 2.035576148 1.233408098 0 0.153553117357143 1.07985498064286 0.142857142857143
30 0.492053461 2.035576148 -99 1 0.153553117357143 -99 0.142857142857143
31 -1.02841619 -99 -0.803972955 1 -0.824051483333333 0.0200785283333333 0.538461538461538
31 0.373748185 -99 -99 1 -0.824051483333333 -99 0.538461538461538
31 -1.511245748 -99 -0.079959198 0 -0.824051483333333 0.744092285333333 0.538461538461538
31 2.989070148 -99 -0.363065911 -99 -0.824051483333333 0.460985572333333 0.538461538461538
31 -0.365743183 -99 -99 0 -0.824051483333333 -99 0.538461538461538
31 1.703901181 -99 -1.280087061 0 -0.824051483333333 -0.456035577666667 0.538461538461538
31 1.103817919 -99 -99 0 -0.824051483333333 -99 0.538461538461538
31 0.91634891 -99 -0.194157991 1 -0.824051483333333 0.629893492333333 0.538461538461538
31 -99 -99 -0.813611014 0 -0.824051483333333 0.0104404693333333 0.538461538461538
31 -99 -99 -2.009460659 1 -0.824051483333333 -1.18540917566667 0.538461538461538
31 -99 -99 -0.456949441 1 -0.824051483333333 0.367102042333333 0.538461538461538
31 2.742031319 -99 -0.509326588 -99 -0.824051483333333 0.314724895333333 0.538461538461538
31 1.439331114 -99 -1.590591815 0 -0.824051483333333 -0.766540331666667 0.538461538461538
31 -1.205660781 -99 -0.848373005 1 -0.824051483333333 -0.0243215216666667 0.538461538461538
31 2.954772356 -99 -0.939062162 1 -0.824051483333333 -0.115010678666667 0.538461538461538
32 -1.717895039 -0.683779222 -0.567848329 1 0.277924030133333 -0.845772359133333 0.769230769230769
32 -0.822751101 -0.683779222 0.090063681 0 0.277924030133333 -0.187860349133333 0.769230769230769
32 -3.016737653 -0.683779222 1.922931205 1 0.277924030133333 1.64500717486667 0.769230769230769
32 -0.802873809 -0.683779222 0.690024519 1 0.277924030133333 0.412100488866667 0.769230769230769
32 0.811390854 -0.683779222 1.936128966 1 0.277924030133333 1.65820493586667 0.769230769230769
32 -99 -0.683779222 0.727917517 -99 0.277924030133333 0.449993486866667 0.769230769230769
32 -99 -0.683779222 1.169487934 1 0.277924030133333 0.891563903866667 0.769230769230769
32 1.501307082 -0.683779222 -0.96828 1 0.277924030133333 -1.24620403013333 0.769230769230769
32 -2.281144767 -0.683779222 -0.030729625 1 0.277924030133333 -0.308653655133333 0.769230769230769
32 -2.455305059 -0.683779222 -0.466659942 1 0.277924030133333 -0.744583972133333 0.769230769230769
32 2.454076657 -0.683779222 -0.106790607 -99 0.277924030133333 -0.384714637133333 0.769230769230769
32 -99 -0.683779222 -0.849677628 0 0.277924030133333 -1.12760165813333 0.769230769230769
32 -1.584294804 -0.683779222 0.402885514 0 0.277924030133333 0.124961483866667 0.769230769230769
32 -6.057035497 -0.683779222 0.214265238 1 0.277924030133333 -0.0636587921333333 0.769230769230769
32 -3.47013427 -0.683779222 0.005142009 1 0.277924030133333 -0.272782021133333 0.769230769230769
33 -2.888026903 0.494676817733333 1.970085408 1 -0.196511938461538 2.16659734646154 0.307692307692308
33 2.554688844 0.494676817733333 -0.31435099 -99 -0.196511938461538 -0.117839051538462 0.307692307692308
33 -99 0.494676817733333 0.172541399 1 -0.196511938461538 0.369053337461538 0.307692307692308
33 2.570009091 0.494676817733333 -1.905445587 0 -0.196511938461538 -1.70893364853846 0.307692307692308
33 3.806420556 0.494676817733333 -2.107723604 0 -0.196511938461538 -1.91121166553846 0.307692307692308
33 -1.450103116 0.494676817733333 -0.070885311 0 -0.196511938461538 0.125626627461538 0.307692307692308
33 2.551252322 0.494676817733333 0.079514201 0 -0.196511938461538 0.276026139461538 0.307692307692308
33 1.398354472 0.494676817733333 0.588210141 -99 -0.196511938461538 0.784722079461538 0.307692307692308
33 -99 0.494676817733333 -99 1 -0.196511938461538 -99 0.307692307692308
33 -0.893510587 0.494676817733333 0.946264928 0 -0.196511938461538 1.14277686646154 0.307692307692308
33 -1.592745151 0.494676817733333 -0.626464013 0 -0.196511938461538 -0.429952074538462 0.307692307692308
33 1.057905591 0.494676817733333 -2.480107331 0 -0.196511938461538 -2.28359539253846 0.307692307692308
33 -99 0.494676817733333 -0.156520463 0 -0.196511938461538 0.0399914754615384 0.307692307692308
33 1.360167665 0.494676817733333 1.350226022 0 -0.196511938461538 1.54673796046154 0.307692307692308
33 -0.484151564 0.494676817733333 -99 1 -0.196511938461538 -99 0.307692307692308
34 1.998181768 -2.32123676173333 -0.750846055 1 0.255203323285714 -1.00604937828571 0.533333333333333
34 -1.454046146 -2.32123676173333 1.378792 0 0.255203323285714 1.12358867671429 0.533333333333333
34 -0.112193023 -2.32123676173333 0.142016767 1 0.255203323285714 -0.113186556285714 0.533333333333333
34 -3.894842443 -2.32123676173333 0.767661918 1 0.255203323285714 0.512458594714286 0.533333333333333
34 -0.066649831 -2.32123676173333 -0.842661106 1 0.255203323285714 -1.09786442928571 0.533333333333333
34 -1.733171844 -2.32123676173333 0.546062015 0 0.255203323285714 0.290858691714286 0.533333333333333
34 -2.236706291 -2.32123676173333 -0.680112809 1 0.255203323285714 -0.935316132285714 0.533333333333333
34 0.756029518 -2.32123676173333 0.203873622 0 0.255203323285714 -0.0513297012857143 0.533333333333333
34 -3.549939293 -2.32123676173333 -0.040748824 1 0.255203323285714 -0.295952147285714 0.533333333333333
34 -4.176333491 -2.32123676173333 1.008725663 1 0.255203323285714 0.753522339714286 0.533333333333333
34 -4.201039777 -2.32123676173333 1.023747941 0 0.255203323285714 0.768544617714286 0.533333333333333
34 -5.622573565 -2.32123676173333 -0.475698351 1 0.255203323285714 -0.730901674285714 0.533333333333333
34 0.782625184 -2.32123676173333 -99 0 0.255203323285714 -99 0.533333333333333
34 -1.295897648 -2.32123676173333 -0.027183364 0 0.255203323285714 -0.282386687285714 0.533333333333333
34 -1.542316453 -2.32123676173333 1.319217109 0 0.255203323285714 1.06401378571429 0.533333333333333
35 2.903455079 2.57936289873333 1.813327633 0 -0.238401914083333 2.05172954708333 0.307692307692308
35 1.468869363 2.57936289873333 -1.794285952 0 -0.238401914083333 -1.55588403791667 0.307692307692308
35 2.030912656 2.57936289873333 -99 -99 -0.238401914083333 -99 0.307692307692308
35 0.993903132 2.57936289873333 -1.366341503 1 -0.238401914083333 -1.12793958891667 0.307692307692308
35 0.616127203 2.57936289873333 -0.193449379 0 -0.238401914083333 0.0449525350833333 0.307692307692308
35 2.360842773 2.57936289873333 -1.378943199 0 -0.238401914083333 -1.14054128491667 0.307692307692308
35 -2.337741923 2.57936289873333 -0.809888626 1 -0.238401914083333 -0.571486711916667 0.307692307692308
35 3.494339306 2.57936289873333 1.359826135 -99 -0.238401914083333 1.59822804908333 0.307692307692308
35 1.541213842 2.57936289873333 -1.451772552 0 -0.238401914083333 -1.21337063791667 0.307692307692308
35 -3.336243662 2.57936289873333 0.443426794 0 -0.238401914083333 0.681828708083333 0.307692307692308
35 0.099352007 2.57936289873333 -0.02481497 1 -0.238401914083333 0.213586944083333 0.307692307692308
35 0.339872367 2.57936289873333 -99 0 -0.238401914083333 -99 0.307692307692308
35 3.244146319 2.57936289873333 -99 0 -0.238401914083333 -99 0.307692307692308
35 -2.727422261 2.57936289873333 -0.294596772 0 -0.238401914083333 -0.0561948579166667 0.307692307692308
35 -1.690720618 2.57936289873333 0.836689422 1 -0.238401914083333 1.07509133608333 0.307692307692308
36 -3.550095558 -0.315800870866667 1.948942943 1 0.308694121733333 1.64024882126667 0.357142857142857
36 -99 -0.315800870866667 -1.702327261 0 0.308694121733333 -2.01102138273333 0.357142857142857
36 -1.112895261 -0.315800870866667 0.709477397 1 0.308694121733333 0.400783275266667 0.357142857142857
36 -2.979105537 -0.315800870866667 0.834594947 0 0.308694121733333 0.525900825266667 0.357142857142857
36 -3.165331726 -0.315800870866667 0.368707859 0 0.308694121733333 0.0600137372666667 0.357142857142857
36 -99 -0.315800870866667 0.494706579 -99 0.308694121733333 0.186012457266667 0.357142857142857
36 -3.154606738 -0.315800870866667 0.077860405 1 0.308694121733333 -0.230833716733333 0.357142857142857
36 2.482664167 -0.315800870866667 0.526077049 0 0.308694121733333 0.217382927266667 0.357142857142857
36 0.889149488 -0.315800870866667 0.223052344 0 0.308694121733333 -0.0856417777333333 0.357142857142857
36 0.853187421 -0.315800870866667 -0.389992304 0 0.308694121733333 -0.698686425733333 0.357142857142857
36 -0.183076399 -0.315800870866667 0.221010531 0 0.308694121733333 -0.0876835907333333 0.357142857142857
36 0.102147034 -0.315800870866667 -1.14953835 0 0.308694121733333 -1.45823247173333 0.357142857142857
36 -1.119167138 -0.315800870866667 0.479368356 0 0.308694121733333 0.170674234266667 0.357142857142857
36 -0.380990987 -0.315800870866667 -0.347166922 1 0.308694121733333 -0.655861043733333 0.357142857142857
36 -2.982221069 -0.315800870866667 2.335638253 1 0.308694121733333 2.02694413126667 0.357142857142857
37 0.955762314 -2.31780683053333 -0.130744763 1 0.166648590272727 -0.297393353272727 0.545454545454545
37 0.086250636 -2.31780683053333 0.059386724 0 0.166648590272727 -0.107261866272727 0.545454545454545
37 1.560566696 -2.31780683053333 0.977707873 -99 0.166648590272727 0.811059282727273 0.545454545454545
37 -0.958575791 -2.31780683053333 0.27931822 1 0.166648590272727 0.112669629727273 0.545454545454545
37 -99 -2.31780683053333 -99 0 0.166648590272727 -99 0.545454545454545
37 -1.380640301 -2.31780683053333 -1.2242609 0 0.166648590272727 -1.39090949027273 0.545454545454545
37 1.169084634 -2.31780683053333 0.331814475 -99 0.166648590272727 0.165165884727273 0.545454545454545
37 2.200986862 -2.31780683053333 -99 -99 0.166648590272727 -99 0.545454545454545
37 0.166152246 -2.31780683053333 0.84076847 0 0.166648590272727 0.674119879727273 0.545454545454545
37 -2.087749566 -2.31780683053333 1.499151254 1 0.166648590272727 1.33250266372727 0.545454545454545
37 0.971677537 -2.31780683053333 -2.091995173 1 0.166648590272727 -2.25864376327273 0.545454545454545
37 0.118305308 -2.31780683053333 0.358489764 1 0.166648590272727 0.191841173727273 0.545454545454545
37 -0.15727228 -2.31780683053333 -99 0 0.166648590272727 -99 0.545454545454545
37 -2.25861534 -2.31780683053333 0.933498549 1 0.166648590272727 0.766849958727273 0.545454545454545
37 -0.796444278 -2.31780683053333 -99 -99 0.166648590272727 -99 0.545454545454545
38 -1.913246727 0.2058598252 0.500093018 0 0.357260739166667 0.142832278833333 0.307692307692308
38 2.644227131 0.2058598252 -1.124869241 0 0.357260739166667 -1.48212998016667 0.307692307692308
38 3.345010026 0.2058598252 -0.808281844 0 0.357260739166667 -1.16554258316667 0.307692307692308
38 3.014525031 0.2058598252 -99 0 0.357260739166667 -99 0.307692307692308
38 -0.045262928 0.2058598252 1.107976066 1 0.357260739166667 0.750715326833333 0.307692307692308
38 1.949584264 0.2058598252 -99 0 0.357260739166667 -99 0.307692307692308
38 1.997534514 0.2058598252 1.477862605 0 0.357260739166667 1.12060186583333 0.307692307692308
38 -2.959226795 0.2058598252 0.661492917 0 0.357260739166667 0.304232177833333 0.307692307692308
38 -1.608905147 0.2058598252 0.332313658 1 0.357260739166667 -0.0249470811666667 0.307692307692308
38 -4.738523579 0.2058598252 1.918925154 1 0.357260739166667 1.56166441483333 0.307692307692308
38 4.887989045 0.2058598252 -99 -99 0.357260739166667 -99 0.307692307692308
38 0.400635883 0.2058598252 -0.404016838 1 0.357260739166667 -0.761277577166667 0.307692307692308
38 1.573025013 0.2058598252 1.550114804 -99 0.357260739166667 1.19285406483333 0.307692307692308
38 2.665368209 0.2058598252 -1.420798357 0 0.357260739166667 -1.77805909616667 0.307692307692308
38 -0.106733428 0.2058598252 0.496316928 0 0.357260739166667 0.139056188833333 0.307692307692308
39 2.941058814 1.26005730633333 0.746940697 0 0.505658306857143 0.241282390142857 0.266666666666667
39 0.798287656 1.26005730633333 -0.741938109 0 0.505658306857143 -1.24759641585714 0.266666666666667
39 -1.122854608 1.26005730633333 0.361292365 1 0.505658306857143 -0.144365941857143 0.266666666666667
39 -99 1.26005730633333 0.67651442 0 0.505658306857143 0.170856113142857 0.266666666666667
39 3.503478183 1.26005730633333 -99 0 0.505658306857143 -99 0.266666666666667
39 1.128956493 1.26005730633333 0.436235732 0 0.505658306857143 -0.0694225748571429 0.266666666666667
39 -2.263392863 1.26005730633333 0.219969609 0 0.505658306857143 -0.285688697857143 0.266666666666667
39 -0.182941743 1.26005730633333 1.047374811 0 0.505658306857143 0.541716504142857 0.266666666666667
39 -2.319387303 1.26005730633333 1.69585349 1 0.505658306857143 1.19019518314286 0.266666666666667
39 -1.649269613 1.26005730633333 0.053093492 0 0.505658306857143 -0.452564814857143 0.266666666666667
39 0.225853058 1.26005730633333 0.59637803 0 0.505658306857143 0.0907197231428571 0.266666666666667
39 -0.57326717 1.26005730633333 0.958435846 0 0.505658306857143 0.452777539142857 0.266666666666667
39 1.410191468 1.26005730633333 0.982609934 1 0.505658306857143 0.476951627142857 0.266666666666667
39 -99 1.26005730633333 -0.789536603 0 0.505658306857143 -1.29519490985714 0.266666666666667
39 -4.025691757 1.26005730633333 0.835992582 1 0.505658306857143 0.330334275142857 0.266666666666667
40 -0.002605664 -0.00352347560000001 0.035841799 0 0.745750885733333 -0.709909086733333 0.5
40 -1.931203977 -0.00352347560000001 1.08555933 1 0.745750885733333 0.339808444266667 0.5
40 0.343510744 -0.00352347560000001 -0.810394885 0 0.745750885733333 -1.55614577073333 0.5
40 0.070387439 -0.00352347560000001 1.413194 0 0.745750885733333 0.667443114266667 0.5
40 -4.404564137 -0.00352347560000001 0.603714621 0 0.745750885733333 -0.142036264733333 0.5
40 0.408623736 -0.00352347560000001 -0.310047867 1 0.745750885733333 -1.05579875273333 0.5
40 -0.151099835 -0.00352347560000001 -0.196065938 0 0.745750885733333 -0.941816823733333 0.5
40 -5.396423529 -0.00352347560000001 0.556566034 1 0.745750885733333 -0.189184851733333 0.5
40 1.150384929 -0.00352347560000001 1.4586773 -99 0.745750885733333 0.712926414266667 0.5
40 -3.237098654 -0.00352347560000001 2.596732508 1 0.745750885733333 1.85098162226667 0.5
40 1.520822199 -0.00352347560000001 0.32267437 0 0.745750885733333 -0.423076515733333 0.5
40 -3.445620427 -0.00352347560000001 1.309041511 0 0.745750885733333 0.563290625266667 0.5
40 -5.260382914 -0.00352347560000001 1.352255633 1 0.745750885733333 0.606504747266667 0.5
40 2.282864858 -0.00352347560000001 -0.215239449 1 0.745750885733333 -0.960990334733333 0.5
40 -2.057945192 -0.00352347560000001 1.983754319 1 0.745750885733333 1.23800343326667 0.5
41 -0.032681095 0.4438948476 0.108578945 1 -0.0553572857333333 0.163936230733333 0.428571428571429
41 -2.625783199 0.4438948476 -0.304782008 0 -0.0553572857333333 -0.249424722266667 0.428571428571429
41 -99 0.4438948476 -1.409500369 0 -0.0553572857333333 -1.35414308326667 0.428571428571429
41 -2.707647841 0.4438948476 0.633587994 0 -0.0553572857333333 0.688945279733333 0.428571428571429
41 2.796465597 0.4438948476 0.170526925 0 -0.0553572857333333 0.225884210733333 0.428571428571429
41 -0.278801387 0.4438948476 0.297016728 0 -0.0553572857333333 0.352374013733333 0.428571428571429
41 -1.925924634 0.4438948476 0.473702054 1 -0.0553572857333333 0.529059339733333 0.428571428571429
41 -1.274964075 0.4438948476 2.014374439 1 -0.0553572857333333 2.06973172473333 0.428571428571429
41 0.59696229 0.4438948476 -0.690764967 0 -0.0553572857333333 -0.635407681266667 0.428571428571429
41 0.578180057 0.4438948476 -0.623604872 1 -0.0553572857333333 -0.568247586266667 0.428571428571429
41 -1.455898229 0.4438948476 -0.206979824 0 -0.0553572857333333 -0.151622538266667 0.428571428571429
41 -2.854672853 0.4438948476 0.51643005 1 -0.0553572857333333 0.571787335733333 0.428571428571429
41 -0.854653443 0.4438948476 -0.429098886 1 -0.0553572857333333 -0.373741600266667 0.428571428571429
41 7.054797664 0.4438948476 -1.598864045 -99 -0.0553572857333333 -1.54350675926667 0.428571428571429
41 -1.115336416 0.4438948476 0.21901855 0 -0.0553572857333333 0.274375835733333 0.428571428571429
42 7.051285976 0.452160488066667 -0.330211159 0 -0.23665086025 -0.09356029875 0.25
42 3.773017654 0.452160488066667 0.094322189 0 -0.23665086025 0.33097304925 0.25
42 1.987543927 0.452160488066667 -0.762612995 -99 -0.23665086025 -0.52596213475 0.25
42 6.417470711 0.452160488066667 -99 0 -0.23665086025 -99 0.25
42 5.986254212 0.452160488066667 -0.406573263 -99 -0.23665086025 -0.16992240275 0.25
42 3.313114978 0.452160488066667 -99 -99 -0.23665086025 -99 0.25
42 -0.116508861 0.452160488066667 -0.449908355 0 -0.23665086025 -0.21325749475 0.25
42 -5.698116551 0.452160488066667 0.21541703 1 -0.23665086025 0.45206789025 0.25
42 4.534870386 0.452160488066667 -99 0 -0.23665086025 -99 0.25
42 -1.905622157 0.452160488066667 -0.414455427 0 -0.23665086025 -0.17780456675 0.25
42 2.965051166 0.452160488066667 0.201418103 0 -0.23665086025 0.43806896325 0.25
42 -1.85091836 0.452160488066667 0.956887809 0 -0.23665086025 1.19353866925 0.25
42 -0.619250839 0.452160488066667 0.922349242 1 -0.23665086025 1.15900010225 0.25
42 -3.052917784 0.452160488066667 -1.051637337 1 -0.23665086025 -0.81498647675 0.25
42 -99 0.452160488066667 -1.81480616 0 -0.23665086025 -1.57815529975 0.25
43 -4.804017112 -0.656078162 -1.406648107 1 0.420747542133333 -1.82739564913333 0.666666666666667
43 -0.867443105 -0.656078162 0.637657025 0 0.420747542133333 0.216909482866667 0.666666666666667
43 -1.112636466 -0.656078162 1.357103807 1 0.420747542133333 0.936356264866667 0.666666666666667
43 -4.17160812 -0.656078162 -0.17643954 1 0.420747542133333 -0.597187082133333 0.666666666666667
43 -1.140165523 -0.656078162 0.683489751 0 0.420747542133333 0.262742208866667 0.666666666666667
43 -0.703636073 -0.656078162 -0.120992389 1 0.420747542133333 -0.541739931133333 0.666666666666667
43 -99 -0.656078162 2.4449127 0 0.420747542133333 2.02416515786667 0.666666666666667
43 -1.070242228 -0.656078162 -0.148704657 1 0.420747542133333 -0.569452199133333 0.666666666666667
43 1.958743511 -0.656078162 -0.983862146 0 0.420747542133333 -1.40460968813333 0.666666666666667
43 1.9018655 -0.656078162 1.705885604 0 0.420747542133333 1.28513806186667 0.666666666666667
43 -4.558771297 -0.656078162 -0.392376511 1 0.420747542133333 -0.813124053133333 0.666666666666667
43 -5.996904236 -0.656078162 0.961424303 1 0.420747542133333 0.540676760866667 0.666666666666667
43 -1.226124349 -0.656078162 1.294961778 1 0.420747542133333 0.874214235866667 0.666666666666667
43 -2.811277391 -0.656078162 1.023560571 1 0.420747542133333 0.602813028866667 0.666666666666667
43 -1.539444647 -0.656078162 -0.568759057 1 0.420747542133333 -0.989506599133333 0.666666666666667
44 2.090158016 -0.0707794879999999 0.368205953 1 0.308156731071429 0.0600492219285714 0.384615384615385
44 2.213876866 -0.0707794879999999 -0.276814053 0 0.308156731071429 -0.584970784071429 0.384615384615385
44 -0.815047338 -0.0707794879999999 -0.507368207 0 0.308156731071429 -0.815524938071428 0.384615384615385
44 2.094817721 -0.0707794879999999 -0.052801943 0 0.308156731071429 -0.360958674071429 0.384615384615385
44 -0.493693253 -0.0707794879999999 0.407469533 0 0.308156731071429 0.0993128019285714 0.384615384615385
44 -1.203031196 -0.0707794879999999 1.248133294 1 0.308156731071429 0.939976562928571 0.384615384615385
44 -0.519535182 -0.0707794879999999 0.676188814 0 0.308156731071429 0.368032082928571 0.384615384615385
44 -1.53553929 -0.0707794879999999 0.094467745 1 0.308156731071429 -0.213688986071429 0.384615384615385
44 -0.926125392 -0.0707794879999999 -0.16002363 1 0.308156731071429 -0.468180361071429 0.384615384615385
44 0.984074348 -0.0707794879999999 0.133236345 -99 0.308156731071429 -0.174920386071429 0.384615384615385
44 4.007032918 -0.0707794879999999 -0.552001705 0 0.308156731071429 -0.860158436071429 0.384615384615385
44 3.145294742 -0.0707794879999999 -99 0 0.308156731071429 -99 0.384615384615385
44 -99 -0.0707794879999999 1.800782725 0 0.308156731071429 1.49262599392857 0.384615384615385
44 0.794458062 -0.0707794879999999 0.362621885 -99 0.308156731071429 0.0544651539285714 0.384615384615385
44 -2.387379061 -0.0707794879999999 0.772097479 1 0.308156731071429 0.463940747928571 0.384615384615385
45 1.948978848 2.28420610213333 -0.775586573 0 0.103535017416667 -0.879121590416667 0.333333333333333
45 0.230113347 2.28420610213333 -99 0 0.103535017416667 -99 0.333333333333333
45 -3.8864531 2.28420610213333 -1.074870182 1 0.103535017416667 -1.17840519941667 0.333333333333333
45 2.326967514 2.28420610213333 -99 0 0.103535017416667 -99 0.333333333333333
45 0.442626834 2.28420610213333 -0.650506562 -99 0.103535017416667 -0.754041579416667 0.333333333333333
45 0.487832789 2.28420610213333 0.211563662 0 0.103535017416667 0.108028644583333 0.333333333333333
45 3.065194155 2.28420610213333 -99 -99 0.103535017416667 -99 0.333333333333333
45 2.340491768 2.28420610213333 -0.505131793 -99 0.103535017416667 -0.608666810416667 0.333333333333333
45 -0.470915137 2.28420610213333 0.053366152 1 0.103535017416667 -0.0501688654166667 0.333333333333333
45 1.009398677 2.28420610213333 0.588660593 1 0.103535017416667 0.485125575583333 0.333333333333333
45 6.152792472 2.28420610213333 2.662218586 0 0.103535017416667 2.55868356858333 0.333333333333333
45 1.522470118 2.28420610213333 -0.736084887 0 0.103535017416667 -0.839619904416667 0.333333333333333
45 -0.780566651 2.28420610213333 2.129976665 1 0.103535017416667 2.02644164758333 0.333333333333333
45 2.947152573 2.28420610213333 -2.516856825 0 0.103535017416667 -2.62039184241667 0.333333333333333
45 -0.516064037 2.28420610213333 1.855671373 0 0.103535017416667 1.75213635558333 0.333333333333333
46 0.886687253 -1.09219440046667 -0.807750272 0 0.3217243196 -1.1294745916 0.307692307692308
46 -3.866222029 -1.09219440046667 0.770240032 1 0.3217243196 0.4485157124 0.307692307692308
46 -2.94368633 -1.09219440046667 -0.264230628 1 0.3217243196 -0.5859549476 0.307692307692308
46 2.121026875 -1.09219440046667 -99 0 0.3217243196 -99 0.307692307692308
46 -0.298683645 -1.09219440046667 0.726144259 0 0.3217243196 0.4044199394 0.307692307692308
46 1.869072702 -1.09219440046667 -99 -99 0.3217243196 -99 0.307692307692308
46 -0.48724933 -1.09219440046667 -0.42430655 0 0.3217243196 -0.7460308696 0.307692307692308
46 -0.420086568 -1.09219440046667 0.023213574 1 0.3217243196 -0.2985107456 0.307692307692308
46 0.431233888 -1.09219440046667 0.333814915 0 0.3217243196 0.0120905954 0.307692307692308
46 3.914627558 -1.09219440046667 -99 0 0.3217243196 -99 0.307692307692308
46 -1.014186599 -1.09219440046667 2.325929485 1 0.3217243196 2.0042051654 0.307692307692308
46 2.250142213 -1.09219440046667 -99 -99 0.3217243196 -99 0.307692307692308
46 0.703597808 -1.09219440046667 1.039683997 0 0.3217243196 0.7179596774 0.307692307692308
46 1.648247348 -1.09219440046667 -99 0 0.3217243196 -99 0.307692307692308
46 2.318798423 -1.09219440046667 -0.505495616 0 0.3217243196 -0.8272199356 0.307692307692308
47 1.808592674 0.5692273772 -0.318990554 1 -0.106035457636364 -0.212955096363636 0.2
47 -99 0.5692273772 -99 -99 -0.106035457636364 -99 0.2
47 0.254276796 0.5692273772 0.057118618 -99 -0.106035457636364 0.163154075636364 0.2
47 -99 0.5692273772 -0.911850087 0 -0.106035457636364 -0.805814629363636 0.2
47 1.386551483 0.5692273772 0.475012182 -99 -0.106035457636364 0.581047639636364 0.2
47 -0.315028583 0.5692273772 0.904460596 -99 -0.106035457636364 1.01049605363636 0.2
47 3.648871345 0.5692273772 -99 -99 -0.106035457636364 -99 0.2
47 -3.388406001 0.5692273772 0.824175047 1 -0.106035457636364 0.930210504636364 0.2
47 0.541459245 0.5692273772 -99 0 -0.106035457636364 -99 0.2
47 0.57282591 0.5692273772 -99 0 -0.106035457636364 -99 0.2
47 -1.503880022 0.5692273772 -1.628658985 0 -0.106035457636364 -1.52262352736364 0.2
47 -99 0.5692273772 -0.206281298 0 -0.106035457636364 -0.100245840363636 0.2
47 -0.104470928 0.5692273772 -0.024050237 0 -0.106035457636364 0.0819852206363636 0.2
47 -0.255317375 0.5692273772 -0.650299864 0 -0.106035457636364 -0.544264406363636 0.2
47 3.738295814 0.5692273772 0.312974548 0 -0.106035457636364 0.419010005636364 0.2
48 -0.159216507 -1.13544999046667 -0.66662879 1 -0.166022536076923 -0.500606253923077 0.153846153846154
48 -99 -1.13544999046667 0.214849304 0 -0.166022536076923 0.380871840076923 0.153846153846154
48 0.708688068 -1.13544999046667 0.843217387 -99 -0.166022536076923 1.00923992307692 0.153846153846154
48 1.563589509 -1.13544999046667 -1.084794663 0 -0.166022536076923 -0.918772126923077 0.153846153846154
48 -99 -1.13544999046667 -1.266218581 0 -0.166022536076923 -1.10019604492308 0.153846153846154
48 -99 -1.13544999046667 0.500932104 1 -0.166022536076923 0.666954640076923 0.153846153846154
48 0.096123022 -1.13544999046667 0.334864203 0 -0.166022536076923 0.500886739076923 0.153846153846154
48 1.126334719 -1.13544999046667 -99 0 -0.166022536076923 -99 0.153846153846154
48 -1.988249972 -1.13544999046667 0.249636146 0 -0.166022536076923 0.415658682076923 0.153846153846154
48 -1.640443835 -1.13544999046667 -1.046923024 0 -0.166022536076923 -0.880900487923077 0.153846153846154
48 -1.135422786 -1.13544999046667 -0.622741718 0 -0.166022536076923 -0.456719181923077 0.153846153846154
48 3.516307123 -1.13544999046667 -1.58298575 0 -0.166022536076923 -1.41696321392308 0.153846153846154
48 -1.100186957 -1.13544999046667 1.559979299 0 -0.166022536076923 1.72600183507692 0.153846153846154
48 1.598276952 -1.13544999046667 -99 0 -0.166022536076923 -99 0.153846153846154
48 -0.410205336 -1.13544999046667 0.408521114 -99 -0.166022536076923 0.574543650076923 0.153846153846154
49 -4.509055504 -3.40716509206667 1.338715438 1 -0.268209398 1.606924836 0.533333333333333
49 -3.15621702 -3.40716509206667 -1.313128479 1 -0.268209398 -1.044919081 0.533333333333333
49 -4.954125815 -3.40716509206667 -2.121228263 1 -0.268209398 -1.853018865 0.533333333333333
49 -0.873772113 -3.40716509206667 0.018568945 0 -0.268209398 0.286778343 0.533333333333333
49 1.132289039 -3.40716509206667 -2.563476385 0 -0.268209398 -2.295266987 0.533333333333333
49 -99 -3.40716509206667 0.211910993 0 -0.268209398 0.480120391 0.533333333333333
49 2.179065693 -3.40716509206667 -0.228391754 0 -0.268209398 0.039817644 0.533333333333333
49 -0.074134304 -3.40716509206667 0.209280853 1 -0.268209398 0.477490251 0.533333333333333
49 -7.0182229 -3.40716509206667 -0.118341339 1 -0.268209398 0.149868059 0.533333333333333
49 2.050816025 -3.40716509206667 1.704243798 1 -0.268209398 1.972453196 0.533333333333333
49 -99 -3.40716509206667 -0.631226217 0 -0.268209398 -0.363016819 0.533333333333333
49 2.340717421 -3.40716509206667 0.413714866 0 -0.268209398 0.681924264 0.533333333333333
49 -2.947541664 -3.40716509206667 0.615492661 1 -0.268209398 0.883702059 0.533333333333333
49 1.151842862 -3.40716509206667 -1.291066689 0 -0.268209398 -1.022857291 0.533333333333333
49 0.505528908 -3.40716509206667 -99 1 -0.268209398 -99 0.533333333333333
50 -2.929770339 -0.748240363933333 1.372481219 0 0.213510985533333 1.15897023346667 0.466666666666667
50 -1.695200311 -0.748240363933333 1.282845589 0 0.213510985533333 1.06933460346667 0.466666666666667
50 -0.513325922 -0.748240363933333 -1.68699261 0 0.213510985533333 -1.90050359553333 0.466666666666667
50 -6.024819442 -0.748240363933333 0.967418331 1 0.213510985533333 0.753907345466667 0.466666666666667
50 -0.937137255 -0.748240363933333 0.394966295 0 0.213510985533333 0.181455309466667 0.466666666666667
50 -3.906329952 -0.748240363933333 0.941900996 1 0.213510985533333 0.728390010466667 0.466666666666667
50 4.453131831 -0.748240363933333 -1.517563776 0 0.213510985533333 -1.73107476153333 0.466666666666667
50 -4.644489107 -0.748240363933333 -0.313922349 1 0.213510985533333 -0.527433334533333 0.466666666666667
50 -6.186728496 -0.748240363933333 1.932581496 1 0.213510985533333 1.71907051046667 0.466666666666667
50 -99 -0.748240363933333 0.348425625 0 0.213510985533333 0.134914639466667 0.466666666666667
50 -0.974014681 -0.748240363933333 -0.869175892 0 0.213510985533333 -1.08268687753333 0.466666666666667
50 -1.757817721 -0.748240363933333 1.483474211 1 0.213510985533333 1.26996322546667 0.466666666666667
50 -2.583500326 -0.748240363933333 -1.385430924 0 0.213510985533333 -1.59894190953333 0.466666666666667
50 0.88135914 -0.748240363933333 -1.310929135 1 0.213510985533333 -1.52444012053333 0.466666666666667
50 -5.935829739 -0.748240363933333 1.562585707 1 0.213510985533333 1.34907472146667 0.466666666666667
